3.848 0.733 0.335 0.145 0.535 0.779 0.28  0.527 0.036 0.026 1
0.999 4.822 0.146 0.155 0.303 0.634 0.107 0.641 0.479 0.654 1
0.88  0.099 6.259 0.898 0.584 0.59  0.201 0.544 0.369 0.598 1
0.526 0.485 0.601 4.827 0.37  0.36  0.363 0.353 0.907 0.094 1
0.226 0.224 0.81  0.001 4.058 0.291 0.905 0.447 0.424 0.494 1
0.348 0.049 0.371 0.06  0.012 3.95  0.749 0.416 0.456 0.476 1
0.877 0.648 0.738 0.512 0.614 0.348 5.427 0.205 0.42  0.045 1
0.382 0.143 0.827 0.89  0.517 0.829 0.235 5.631 0.729 0.807 1
0.687 0.989 0.549 0.945 0.024 0.09  0.624 0.413 5.239 0.225 1
0.673 0.502 0.972 0.195 0.865 0.661 0.138 0.857 0.454 6.748 1
