10
0.5   0.333 0.25  0.2   0.167 0.143 0.125 0.111 0.1   0.091
0.333 0.25  0.2   0.167 0.143 0.125 0.111 0.1   0.091 0.083
0.25  0.2   0.167 0.143 0.125 0.111 0.1   0.091 0.083 0.077
0.2   0.167 0.143 0.125 0.111 0.1   0.091 0.083 0.077 0.071
0.167 0.143 0.125 0.111 0.1   0.091 0.083 0.077 0.071 0.067
0.143 0.125 0.111 0.1   0.091 0.083 0.077 0.071 0.067 0.062
0.125 0.111 0.1   0.091 0.083 0.077 0.071 0.067 0.062 0.059
0.111 0.1   0.091 0.083 0.077 0.071 0.067 0.062 0.059 0.056
0.1   0.091 0.083 0.077 0.071 0.067 0.062 0.059 0.056 0.053
0.091 0.083 0.077 0.071 0.067 0.062 0.059 0.056 0.053 0.05
1 1 1 1 1 1 1 1 1 1