0.733 0.335 0.145 0.535 0.779 0.28  0.527 0.036 0.026 0.999 1
0.352 0.146 0.155 0.303 0.634 0.107 0.641 0.479 0.654 0.88  1
0.099 0.748 0.898 0.584 0.59  0.201 0.544 0.369 0.598 0.526 1
0.485 0.601 0.384 0.37  0.36  0.363 0.353 0.907 0.094 0.226 1
0.224 0.81  0.001 0.118 0.291 0.905 0.447 0.424 0.494 0.348 1
0.049 0.371 0.06  0.012 0.507 0.749 0.416 0.456 0.476 0.877 1
0.648 0.738 0.512 0.614 0.348 0.51  0.205 0.42  0.045 0.382 1
0.143 0.827 0.89  0.517 0.829 0.235 0.136 0.729 0.807 0.687 1
0.989 0.549 0.945 0.024 0.09  0.624 0.413 0.347 0.225 0.673 1
0.502 0.972 0.195 0.865 0.661 0.138 0.857 0.454 0.715 0.902 1
