Good conditional matrix
With start approach
0 0 0 0 0 0 0 0 0 0 
3.162278
2.826050
2.363406
1.993897
1.680150
1.415841
1.193164
1.005491
0.847341
0.714065
0.601752
0.507104
0.427343
0.360127
0.303484
0.255750
0.215524
0.181625
0.153057
0.128983
0.108696
0.091600
0.077192
0.065051
0.054819
0.046197
0.038931
0.032807
0.027647
0.023299
0.019634
0.016546
0.013943
0.011750
0.009902
0.008345
0.007032
0.005926
0.004994
0.004208
0.003547
0.002989
0.002519
0.002122
0.001789
0.001507
0.001270
0.001070
0.000902
0.000760
0.000641
0.000540
0.000455
0.000383
0.000323
0.000272
0.000229
0.000193
0.000163
0.000137
0.000116
0.000098
0.000082
0.000069
0.000058
0.000049
0.000041
0.000035
0.000029
0.000025
0.000021
0.000018
0.000015
0.000013
0.000011
0.000009
0.000007
0.000006
0.000005
0.000004
0.000004
0.000003
0.000003
0.000002
0.000002
0.000002
Solution
0.151881 0.106646 0.067630 0.113485 0.160906 0.187886 0.085908 0.069611 0.101195 0.055654 
Multilication result
1.000000 1.000000 1.000000 1.000000 1.000000 1.000000 1.000000 0.999999 1.000000 0.999999 

Hilbert matrix case
With start approach
0 0 0 0 0 0 0 0 0 0 
3.162278
29.916105
241.556585
1953.680178
15804.618495
127849.851945
1034232.357166
8366346.040018
67678939.831932
547483793.993950
Impossible to solve!
Solution
-491416996.963912 -816346967.196968 -1055778205.131989 -1246341776.721907 -1400206962.472159 -1532249797.961937 -1644083916.224175 -1742123215.193985 -1795805993.162318 -1881003227.992049 
Multilication result
-2233349288.505394 -1855031389.427334 -1602601825.084371 -1416066454.867827 -1272707789.928057 -1155963538.228526 -1061008348.000011 -981763835.376452 -914079391.546843 -854862017.048052 

Random elements case
With start approach
0 0 0 0 0 0 0 0 0 0 
3.162278
42.292057
507.517539
6179.470440
75110.633009
913255.211668
11102324.687818
134981650.784772
1641028861.366149
Impossible to solve!
Solution
545096982.743907 2889884271.817658 611809935.752800 1055811471.238869 1532063415.979478 509583903.304961 1988571656.772095 809175821.377821 1758436175.738111 777580613.449385 
Multilication result
5257029757.274176 5550950190.021987 7228862133.251161 5140214014.322153 5866357037.526231 5021853447.687778 5364194684.174814 7761672118.265541 5206037305.515686 9228433865.999453 

