3.663160
0.926981
0.853901
0.786471
0.724257
0.666854
0.613894
0.565032
0.519954
0.478367
0.440003
0.404614
0.371971
0.341864
0.314097
0.288491
0.264881
0.243114
0.223050
0.204560
0.187523
0.171830
0.157381
0.144082
0.131849
0.120602
0.110270
0.100788
0.092096
0.084138
0.076866
0.070234
0.064202
0.058733
0.053794
0.049355
0.045389
0.041873
0.038782
0.036094
0.033787
0.031837
0.030220
0.028908
0.027872
0.027082
0.026506
0.026114
0.025874
0.025760
0.025747
0.025813
0.025939
0.026110
0.026312
0.026536
0.026772
0.027015
0.027259
0.027500
0.027735
0.027962
0.028180
0.028387
0.028583
0.028768
0.028940
0.029102
0.029252
0.029390
0.029519
0.029636
0.029744
0.029843
0.029933
0.030015
0.030089
0.030155
0.030215
0.030268
0.030315
0.030356
0.030392
0.030423
0.030450
0.030472
0.030491
0.030505
0.030517
0.030525
0.030530
0.030533
0.030533
0.030531
0.030526
0.030520
0.030512
0.030502
0.030490
0.030477
0.030463
0.030448
0.030431
0.030413
0.030395
0.030375
0.030355
0.030334
0.030312
0.030290
0.030267
0.030243
0.030219
0.030194
0.030169
0.030144
0.030118
0.030092
0.030066
0.030040
0.030013
0.029986
0.029958
0.029931
0.029903
0.029876
0.029848
0.029820
0.029792
0.029763
0.029735
0.029706
0.029678
0.029649
0.029621
0.029592
0.029563
0.029534
0.029506
0.029477
0.029448
0.029419
0.029390
0.029361
0.029332
0.029303
0.029274
0.029245
0.029216
0.029187
0.029158
0.029129
0.029100
0.029071
0.029042
0.029014
0.028985
0.028956
0.028927
0.028898
0.028869
0.028840
0.028812
0.028783
0.028754
0.028725
0.028697
0.028668
0.028639
0.028610
0.028582
0.028553
0.028525
0.028496
0.028468
0.028439
0.028411
0.028382
0.028354
0.028325
0.028297
0.028269
0.028240
0.028212
0.028184
0.028155
0.028127
0.028099
0.028071
0.028043
0.028015
0.027987
0.027959
0.027930
0.027902
0.027875
0.027847
0.027819
0.027791
0.027763
0.027735
0.027707
0.027679
0.027652
0.027624
0.027596
0.027569
0.027541
0.027513
0.027486
0.027458
0.027431
0.027403
0.027376
0.027348
0.027321
0.027293
0.027266
0.027239
0.027211
0.027184
0.027157
0.027130
0.027102
0.027075
0.027048
0.027021
0.026994
0.026967
0.026940
0.026913
0.026886
0.026859
0.026832
0.026805
0.026778
0.026751
0.026724
0.026698
0.026671
0.026644
0.026617
0.026591
0.026564
0.026537
0.026511
0.026484
0.026458
0.026431
0.026405
0.026378
0.026352
0.026325
0.026299
0.026273
0.026246
0.026220
0.026194
0.026167
0.026141
0.026115
0.026089
0.026062
0.026036
0.026010
0.025984
0.025958
0.025932
0.025906
0.025880
0.025854
0.025828
0.025802
0.025776
0.025751
0.025725
0.025699
0.025673
0.025647
0.025622
0.025596
0.025570
0.025545
0.025519
0.025493
0.025468
0.025442
0.025417
0.025391
0.025366
0.025340
0.025315
0.025290
0.025264
0.025239
0.025214
0.025188
0.025163
0.025138
0.025113
0.025087
0.025062
0.025037
0.025012
0.024987
0.024962
0.024937
