1.726464
0.535983
0.327863
0.227676
0.170787
0.132437
0.106218
0.089747
0.080268
0.074813
0.071196
0.068239
0.065445
0.062660
0.059861
0.057067
0.054304
0.051593
0.048948
0.046382
0.043903
0.041517
0.039230
0.037048
0.034973
0.033010
0.031161
0.029429
0.027815
0.026321
0.024947
0.023692
0.022555
0.021533
0.020623
0.019820
0.019118
0.018510
0.017990
0.017548
0.017176
0.016866
0.016608
0.016394
0.016217
0.016069
0.015944
0.015836
0.015740
0.015652
0.015568
0.015485
0.015402
0.015315
0.015223
0.015126
0.015022
0.014911
0.014794
0.014668
0.014536
0.014397
0.014251
0.014098
0.013940
0.013776
0.013608
0.013435
0.013258
0.013077
0.012894
0.012709
0.012521
0.012333
0.012143
0.011953
0.011763
0.011573
0.011384
0.011196
0.011009
0.010823
0.010640
0.010458
0.010278
0.010101
0.009926
0.009754
0.009585
0.009418
0.009255
0.009094
0.008937
0.008782
0.008630
0.008482
0.008336
0.008194
0.008054
0.007918
0.007784
0.007654
0.007526
0.007401
0.007279
0.007159
0.007043
0.006928
0.006817
0.006707
0.006600
0.006496
0.006394
0.006294
0.006196
0.006100
0.006006
0.005914
0.005824
0.005736
0.005650
0.005565
0.005482
0.005401
0.005321
0.005243
0.005166
0.005091
0.005017
0.004944
0.004873
0.004803
0.004734
0.004667
0.004600
0.004535
0.004471
0.004408
0.004346
0.004285
0.004225
0.004165
0.004107
0.004050
0.003994
0.003938
0.003883
0.003829
0.003776
0.003724
0.003673
0.003622
0.003572
0.003523
0.003474
0.003426
0.003379
0.003332
0.003286
0.003241
0.003197
0.003153
0.003109
0.003066
0.003024
0.002983
0.002942
0.002901
0.002861
0.002822
0.002783
0.002745
0.002707
0.002670
0.002633
0.002597
0.002561
0.002526
0.002491
0.002457
0.002423
0.002389
0.002357
0.002324
0.002292
0.002260
0.002229
0.002199
0.002168
0.002138
0.002109
0.002080
0.002051
0.002023
0.001995
0.001967
0.001940
0.001914
0.001887
0.001861
0.001835
0.001810
0.001785
0.001761
0.001736
0.001712
0.001689
0.001665
0.001642
0.001620
0.001597
0.001575
0.001554
0.001532
0.001511
0.001490
0.001470
0.001450
0.001430
0.001410
0.001391
0.001371
0.001353
0.001334
0.001316
0.001297
0.001280
0.001262
0.001245
0.001228
0.001211
0.001194
0.001178
0.001161
0.001146
0.001130
0.001114
0.001099
0.001084
0.001069
0.001054
0.001040
0.001026
0.001012
0.000998
0.000984
0.000971
0.000957
0.000944
0.000931
0.000918
0.000906
0.000894
0.000881
0.000869
0.000857
0.000846
0.000834
0.000823
0.000811
0.000800
0.000789
0.000779
0.000768
0.000757
0.000747
0.000737
0.000727
0.000717
0.000707
0.000697
0.000688
0.000679
0.000669
0.000660
0.000651
0.000642
0.000634
0.000625
0.000616
0.000608
0.000600
0.000592
0.000584
0.000576
0.000568
0.000560
0.000552
0.000545
0.000537
0.000530
0.000523
0.000516
0.000509
0.000502
0.000495
0.000488
0.000482
0.000475
0.000469
0.000462
0.000456
0.000450
0.000444
0.000438
0.000432
0.000426
0.000420
0.000414
0.000409
0.000403
0.000398
0.000392
0.000387
0.000382
0.000377
0.000372
0.000367
0.000362
0.000357
0.000352
0.000347
0.000342
0.000338
0.000333
0.000329
0.000324
0.000320
0.000316
0.000311
0.000307
0.000303
0.000299
0.000295
0.000291
0.000287
0.000283
0.000279
0.000275
0.000272
0.000268
0.000264
0.000261
0.000257
0.000254
0.000250
0.000247
0.000244
0.000240
0.000237
0.000234
0.000231
0.000228
0.000225
0.000222
0.000219
0.000216
0.000213
0.000210
0.000207
0.000204
0.000201
0.000199
0.000196
0.000193
0.000191
0.000188
0.000186
0.000183
0.000181
0.000178
0.000176
0.000174
0.000171
0.000169
0.000167
0.000164
0.000162
0.000160
0.000158
0.000156
0.000154
0.000152
0.000150
0.000147
0.000146
0.000144
0.000142
0.000140
0.000138
0.000136
0.000134
0.000132
0.000131
0.000129
0.000127
0.000125
0.000124
0.000122
0.000120
0.000119
0.000117
0.000116
0.000114
0.000113
0.000111
0.000110
0.000108
0.000107
0.000105
0.000104
0.000102
0.000101
0.000100

