dominated:
column: 0.1518814218352 0.1066464526035 0.06763012438417 0.1134854612914 0.1609056273012 0.1878859773514 0.08590757151099 0.06961124250485 0.1011952900808 0.05565358595257 
1 1 1 1 1 1 1 1 1 1 
matrix: 0.1518814218352 0.1066464526035 0.06763012438417 0.1134854612914 0.1609056273012 0.1878859773514 0.08590757151099 0.06961124250485 0.1011952900808 0.05565358595257 
1 1 1 1 1 1 1 1 1 1 

hilbert:
column: -6.262477096836 31.0389148686 -8.942489129544 -16.87313698143 -35.11362704077 -46.62673995679 11.48576585446 52.06880520688 33.00790330079 15.61517214975 
1 1 1 1 1 1 1 1 1 1 
matrix: -6.262477096836 31.0389148686 -8.942489129544 -16.87313698143 -35.11362704077 -46.62673995679 11.48576585446 52.06880520688 33.00790330079 15.61517214975 
1 1 1 1 1 1 1 1 1 1 

random:
column: 0.2484306507727 -0.6178963792486 0.2767528704623 0.5641935331457 0.5286348548319 0.9673654313045 0.4668582096686 0.2963052502857 0.2138632520489 -0.2622699390954 
1 1 1 1 1 1 1 1 1 1 
matrix: 0.2484306507727 -0.6178963792486 0.2767528704623 0.5641935331457 0.5286348548319 0.9673654313045 0.4668582096686 0.2963052502857 0.2138632520489 -0.2622699390954 
1 1 1 1 1 1 1 1 1 1 

