3.162278
2.826050
2.363406
1.993897
1.680150
1.415841
1.193164
1.005491
0.847341
0.714065
0.601752
0.507104
0.427343
0.360127
0.303484
0.255750
0.215524
0.181625
0.153057
0.128983
0.108696
0.091600
0.077192
0.065051
0.054819
0.046197
0.038931
0.032807
0.027647
0.023299
0.019634
0.016546
0.013943
0.011750
0.009902
0.008345
0.007032
0.005926
0.004994
0.004208
0.003547
0.002989
0.002519
0.002122
0.001789
0.001507
0.001270
0.001070
0.000902
0.000760
0.000641
0.000540
0.000455
0.000383
0.000323
0.000272
0.000229
0.000193
0.000163
0.000137
0.000116
0.000098
0.000082
0.000069
0.000058
0.000049
0.000041
0.000035
0.000029
0.000025
0.000021
0.000018
0.000015
0.000013
0.000011
0.000009
0.000007
0.000006
0.000005
0.000004
0.000004
0.000003
0.000003
0.000002
0.000002
0.000002
