iterational matrix:

   0.00000   0.19049   0.08706   0.03768   0.13903   0.20244   0.07277   0.13695   0.00936   0.00676
   0.20718   0.00000   0.03028   0.03214   0.06284   0.13148   0.02219   0.13293   0.09934   0.13563
   0.14060   0.01582   0.00000   0.14347   0.09331   0.09426   0.03211   0.08691   0.05896   0.09554
   0.10897   0.10048   0.12451   0.00000   0.07665   0.07458   0.07520   0.07313   0.18790   0.01947
   0.05569   0.05520   0.19961   0.00025   0.00000   0.07171   0.22302   0.11015   0.10448   0.12173
   0.08810   0.01241   0.09392   0.01519   0.00304   0.00000   0.18962   0.10532   0.11544   0.12051
   0.16160   0.11940   0.13599   0.09434   0.11314   0.06412   0.00000   0.03777   0.07739   0.00829
   0.06784   0.02540   0.14687   0.15805   0.09181   0.14722   0.04173   0.00000   0.12946   0.14331
   0.13113   0.18878   0.10479   0.18038   0.00458   0.01718   0.11911   0.07883   0.00000   0.04295
   0.09973   0.07439   0.14404   0.02890   0.12819   0.09795   0.02045   0.12700   0.06728   0.00000

eigen:
   0.00022479
   0.00087145
   0.00519489
   0.00844721
   0.03567255
   0.03638538
   0.05778749
   0.08106421
   0.10367131
   0.73477324

max_eigen:
    0.73477
