Dominated:
0.15185730712459303
0.10506950884720455
0.06695317513520248
0.11372209410971926
0.16213295702056726
0.18906390522530245
0.08557742403396396
0.06939143687935888
0.1016235621947605
0.05485605801123644

Iterations convergence:
26.909141402133216
1.9510276283788992
0.5989287072072701
0.2535059446707654
0.09844203014943277
0.05243337930322852
0.02744027519077314
0.022986286634098577
0.016668725098651953
0.012819657892492594
0.01095453109218867
____________________________________

Hilbert:
-5.497880065613487
25.104304276047536
1.8763436329160934
-20.958817049164207
-37.42601462711971
-42.847560126329746
6.213352584059498
49.57901302928955
38.08310331163467
15.322952107440088

Iterations convergence:
1.3493457673998905
1.285732581817413
0.3431878159938808
0.07868716118166173
0.06820994459275341
0.022233844816910417
0.0412263038665134
0.07215512761136589
0.007500317128062498
0.0024889237804716726
0.010403881572357887
____________________________________

Random:
0.2651456499749413
-0.5803204201776401
0.2722305327868093
0.5010123563112708
0.584730686187805
0.9403858861191776
0.4819469969960073
0.28433548409108433
0.20401636896434
-0.2898277123138425

Iterations convergence:
58.833764590371175
0.4366886234284829
0.1262251171222097
0.10688596294170864
0.049606616030346745
0.05828618201233413
0.03045083252188149
0.01535128501423606
0.014949387132845982
0.10879932897839109
0.0023412679119019244
____________________________________
